0:    35.499145478709840   42.692657871734000   54.139189881550080   59.161156342086910   75.284308464938430   100.00000073400935
1:    35.499145478709840   42.692657871734000   54.139189881550080   59.161156342086910   75.284308464938430   100.00000073400935
2:    35.499145478709840   42.692657871734000   54.139189881550080   59.161156342086910   75.284308464938430   100.00000073400935
3:    35.499145478709840   42.692657871734000   54.139189881550080   59.161156342086910   75.284308464938430   100.00000073400935
4:    35.499145478709840   42.692657871734000   54.139189881550080   59.161156342086910   75.284308464938430   100.00000073400935
5:    35.499145478709840   42.692657871734000   54.139189881550080   59.161156342086910   75.284308464938430   100.00000073400935
6:    35.499145478709840   42.692657871734000   54.139189881550080   59.161156342086910   75.284308464938430   100.00000073400935
7:    35.499145478709840   42.692657871734000   54.139189881550080   59.161156342086910   75.284308464938430   100.00000073400935
8:    35.499145478709840   42.692657871734000   54.139189881550080   59.161156342086910   75.284308464938430   100.00000073400935
9:    35.499145478709840   42.692657871734000   54.139189881550080   59.161156342086910   75.284308464938430   100.00000073400935
10:   35.499145478709840   42.692657871734000   54.139189881550080   59.161156342086910   75.284308464938430   100.00000073400935
11:   35.499145478709840   42.692657871734000   54.139189881550080   59.161156342086910   75.284308464938430   100.00000073400935
12:   35.499145478709840   42.692657871734000   54.139189881550080   59.161156342086910   75.284308464938430   100.00000073400935
13:   35.499145478709840   42.692657871734000   54.139189881550080   59.161156342086910   75.284308464938430   100.00000073400935
14:   35.499145478709840   42.692657871734000   54.139189881550080   59.161156342086910   75.284308464938430   100.00000073400935
15:   35.499145478709840   42.692657871734000   54.139189881550080   59.161156342086910   75.284308464938430   100.00000073400935
16:   35.499145478709840   42.692657871734000   54.139189881550080   59.161156342086910   75.284308464938430   100.00000073400935
17:   35.499145478709840   42.690333432916184   53.976260245119910   59.161156342086910   75.043080752872480   100.00000073400935
18:   35.499145478709840   42.690333432916184   53.976260245119910   59.161156342086910   75.043080752872480   100.00000073400935
19:   35.499145478709840   42.690333432916184   53.976260245119910   59.161156342086910   75.043080752872480   100.00000073400935
20:   35.499145478709840   42.690333432916184   53.976260245119910   59.161156342086910   75.043080752872480   100.00000073400935
21:   35.499145478709840   42.690333432916184   53.976260245119910   59.161156342086910   75.043080752872480   100.00000073400935
22:   35.499145478709840   42.690333432916184   53.976260245119910   59.161156342086910   75.043080752872480   100.00000073400935
23:   35.499145478709840   42.690333432916184   53.976260245119910   59.161156342086910   75.043080752872480   100.00000073400935
24:   35.499145478709840   42.690333432916184   53.976260245119910   59.161156342086910   75.043080752872480   100.00000073400935
25:   35.499145478709840   42.690333432916184   53.976260245119910   59.161156342086910   75.043080752872480   100.00000073400935
26:   35.499145478709840   42.690333432916184   53.976260245119910   59.161156342086910   75.043080752872480   100.00000073400935
27:   35.499145478709840   42.690333432916184   53.976260245119910   59.161156342086910   75.043080752872480   100.00000073400935
28:   35.499145478709840   42.690333432916184   53.976260245119910   59.161156342086910   75.043080752872480   100.00000073400935
29:   35.499145478709840   42.690333432916184   53.976260245119910   59.161156342086910   75.043080752872480   100.00000073400935
30:   35.499145478709840   42.690333432916184   53.976260245119910   59.161156342086910   75.043080752872480   100.00000073400935
31:   35.499145478709840   42.690333432916184   53.976260245119910   59.161156342086910   75.043080752872480   100.00000073400935
32:   35.499145478709840   42.690333432916184   53.976260245119910   59.161156342086910   75.043080752872480   100.00000073400935
33:   35.499145478709840   42.690333432916184   53.976260245119910   59.161156342086910   75.043080752872480   100.00000073400935
34:   35.499145478709840   42.690333432916184   53.976260245119910   59.161156342086910   75.043080752872480   100.00000073400935
35:   35.499145478709840   42.690333432916184   53.976260245119910   59.161156342086910   75.043080752872480   100.00000073400935
36:   35.499145478709840   42.690333432916184   53.976260245119910   59.161156342086910   75.043080752872480   100.00000073400935
37:   35.499145478709840   42.690333432916184   53.976260245119910   59.161156342086910   75.043080752872480   100.00000073400935
38:   35.499145478709840   42.690333432916184   53.976260245119910   59.161156342086910   75.043080752872480   100.00000073400935
39:   35.499145478709840   42.690333432916184   53.976260245119910   59.161156342086910   75.043080752872480   100.00000073400935
40:   35.499145478709840   42.690333432916184   53.976260245119910   59.161156342086910   75.043080752872480   100.00000073400935
41:   35.499145478709840   42.690333432916184   53.976260245119910   59.161156342086910   75.043080752872480   100.00000073400935
42:   35.499145478709840   42.690333432916184   53.976260245119910   59.161156342086910   75.043080752872480   100.00000073400935
43:   35.499145478709840   42.690333432916184   53.976260245119910   59.161156342086910   75.043080752872480   100.00000073400935
44:   35.499145478709840   42.690333432916184   53.976260245119910   59.161156342086910   75.043080752872480   100.00000073400935
45:   35.499145478709840   42.690333432916184   53.976260245119910   59.161156342086910   75.043080752872480   100.00000073400935
46:   35.499145478709840   42.690333432916184   53.976260245119910   59.161156342086910   75.043080752872480   100.00000073400935
47:   35.499145478709840   42.690333432916184   53.976260245119910   59.161156342086910   75.043080752872480   100.00000073400935
48:   35.499145478709840   42.690333432916184   53.976260245119910   59.161156342086910   75.043080752872480   100.00000073400935
49:   35.499145478709840   42.690333432916184   53.976260245119910   59.161156342086910   75.043080752872480   100.00000073400935
50:   35.499145478709840   42.689057513753596   53.809489998921160   59.161156342086910   74.796038149879020   100.00000073400935
51:   35.499145478709840   42.689057513753596   53.809489998921160   59.161156342086910   74.796038149879020   100.00000073400935
52:   35.499145478709840   42.689057513753596   53.809489998921160   59.161156342086910   74.796038149879020   100.00000073400935
53:   35.499145478709840   42.604268395924320   54.354990333674590   59.161156342086910   75.477213117511820   100.00000073400935
54:   35.499145478709840   42.604268395924320   54.354990333674590   59.161156342086910   75.477213117511820   100.00000073400935
55:   35.499145478709840   42.604268395924320   54.354990333674590   59.161156342086910   75.477213117511820   100.00000073400935
56:   35.499145478709840   42.604268395924320   54.354990333674590   59.161156342086910   75.477213117511820   100.00000073400935
57:   35.499145478709840   42.604268395924320   54.354990333674590   59.161156342086910   75.477213117511820   100.00000073400935
58:   35.499145478709840   42.604268395924320   54.354990333674590   59.161156342086910   75.477213117511820   100.00000073400935
59:   35.499145478709840   42.604268395924320   54.354990333674590   59.161156342086910   75.477213117511820   100.00000073400935
60:   35.499145478709840   42.604268395924320   54.354990333674590   59.161156342086910   75.477213117511820   100.00000073400935
61:   35.499145478709840   42.604268395924320   54.354990333674590   59.161156342086910   75.477213117511820   100.00000073400935
62:   35.499145478709840   42.604268395924320   54.354990333674590   59.161156342086910   75.477213117511820   100.00000073400935
63:   35.499145478709840   42.604268395924320   54.354990333674590   59.161156342086910   75.477213117511820   100.00000073400935
64:   35.499145478709840   42.604268395924320   54.354990333674590   59.161156342086910   75.477213117511820   100.00000073400935
65:   35.499145478709840   42.604268395924320   54.354990333674590   59.161156342086910   75.477213117511820   100.00000073400935
66:   35.499145478709840   42.604268395924320   54.354990333674590   59.161156342086910   75.477213117511820   100.00000073400935
67:   35.499145478709840   42.604268395924320   54.354990333674590   59.161156342086910   75.477213117511820   100.00000073400935
68:   35.499145478709840   42.604268395924320   54.354990333674590   59.161156342086910   75.477213117511820   100.00000073400935
69:   35.499145478709840   42.604268395924320   54.354990333674590   59.161156342086910   75.477213117511820   100.00000073400935
70:   35.499145478709840   42.604268395924320   54.354990333674590   59.161156342086910   75.477213117511820   100.00000073400935
71:   35.499145478709840   42.604268395924320   54.354990333674590   59.161156342086910   75.477213117511820   100.00000073400935
72:   35.499145478709840   42.604268395924320   54.354990333674590   59.161156342086910   75.477213117511820   100.00000073400935
73:   35.499145478709840   42.604268395924320   54.354990333674590   59.161156342086910   75.477213117511820   100.00000073400935
74:   35.499145478709840   42.604268395924320   54.354990333674590   59.161156342086910   75.477213117511820   100.00000073400935
75:   35.499145478709840   42.604268395924320   54.354990333674590   59.161156342086910   75.477213117511820   100.00000073400935
76:   35.499145478709840   42.604268395924320   54.354990333674590   59.161156342086910   75.477213117511820   100.00000073400935
77:   35.499145478709840   42.604268395924320   54.354990333674590   59.161156342086910   75.477213117511820   100.00000073400935
78:   35.499145478709840   42.604268395924320   54.354990333674590   59.161156342086910   75.477213117511820   100.00000073400935
79:   35.499145478709840   42.604268395924320   54.354990333674590   59.161156342086910   75.477213117511820   100.00000073400935
80:   35.499145478709840   42.604268395924320   54.354990333674590   59.161156342086910   75.477213117511820   100.00000073400935
81:   35.499145478709840   42.604268395924320   54.354990333674590   59.161156342086910   75.477213117511820   100.00000073400935
82:   35.499145478709840   42.604268395924320   54.354990333674590   59.161156342086910   75.477213117511820   100.00000073400935
83:   35.499145478709840   42.604268395924320   54.354990333674590   59.161156342086910   75.477213117511820   100.00000073400935
84:   35.499145478709840   42.604268395924320   54.354990333674590   59.161156342086910   75.477213117511820   100.00000073400935
85:   35.499145478709840   42.604268395924320   54.354990333674590   59.161156342086910   75.477213117511820   100.00000073400935
86:   35.499145478709840   42.604268395924320   54.354990333674590   59.161156342086910   75.477213117511820   100.00000073400935
87:   35.499145478709840   42.604268395924320   54.354990333674590   59.161156342086910   75.477213117511820   100.00000073400935
88:   35.499145478709840   42.604268395924320   54.354990333674590   59.161156342086910   75.477213117511820   100.00000073400935
89:   35.499145478709840   42.604268395924320   54.354990333674590   59.161156342086910   75.477213117511820   100.00000073400935
90:   35.499145478709840   42.604268395924320   54.354990333674590   59.161156342086910   75.477213117511820   100.00000073400935
91:   35.499145478709840   42.604268395924320   54.354990333674590   59.161156342086910   75.477213117511820   100.00000073400935
92:   35.499145478709840   42.604268395924320   54.354990333674590   59.161156342086910   75.477213117511820   100.00000073400935
93:   35.499145478709840   42.604268395924320   54.354990333674590   59.161156342086910   75.477213117511820   100.00000073400935
94:   35.499145478709840   42.604268395924320   54.354990333674590   59.161156342086910   75.477213117511820   100.00000073400935
95:   35.499145478709840   42.604268395924320   54.354990333674590   59.161156342086910   75.477213117511820   100.00000073400935
96:   35.499145478709840   42.604268395924320   54.354990333674590   59.161156342086910   75.477213117511820   100.00000073400935
97:   35.499145478709840   42.604268395924320   54.354990333674590   59.161156342086910   75.477213117511820   100.00000073400935
98:   35.499145478709840   42.604268395924320   54.354990333674590   59.161156342086910   75.477213117511820   100.00000073400935
99:   35.499145478709840   42.604268395924320   54.354990333674590   59.161156342086910   75.477213117511820   100.00000073400935
