0:    43.326644381464400   45.365712585543170   100.00000073400935
1:    43.294255265218920   45.531784838740550   100.00000073400935
2:    43.291066414325776   46.699352205508454   100.00000073400935
3:    43.291066414325776   46.699352205508454   100.00000073400935
4:    43.286666090517960   45.481978488981014   100.00000073400935
5:    43.281102782139410   45.570003638536350   100.00000073400935
6:    43.281102782139410   45.570003638536350   100.00000073400935
7:    43.281102782139410   45.570003638536350   100.00000073400935
8:    43.274843223672730   46.714160100510185   100.00000073400935
9:    43.259572758557990   45.340160566275970   100.00000073400935
10:   43.249752432647675   46.628842540017430   100.00000073400935
11:   43.245789030095295   45.378099443043250   100.00000073400935
12:   43.232574754721576   46.644489993836030   100.00000073400935
13:   43.232224824788000   45.416632865033610   100.00000073400935
14:   43.232224824788000   45.416632865033610   100.00000073400935
15:   43.232224824788000   45.416632865033610   100.00000073400935
16:   43.230560361189760   45.502599308686655   100.00000073400935
17:   43.222070479005400   47.119238825531210   100.00000073400935
18:   43.217159782381440   45.540595291723840   100.00000073400935
19:   43.217159782381440   45.540595291723840   100.00000073400935
20:   43.217159782381440   45.540595291723840   100.00000073400935
21:   43.217159782381440   45.540595291723840   100.00000073400935
22:   43.217159782381440   45.540595291723840   100.00000073400935
23:   43.217159782381440   45.540595291723840   100.00000073400935
24:   43.217159782381440   45.540595291723840   100.00000073400935
25:   43.214966264478825   46.660564716976750   100.00000073400935
26:   43.211162108956840   47.129293143255020   100.00000073400935
27:   43.203995038320095   45.579197801975084   100.00000073400935
28:   43.203995038320095   45.579197801975084   100.00000073400935
29:   43.203995038320095   45.579197801975084   100.00000073400935
30:   43.203995038320095   45.579197801975084   100.00000073400935
31:   43.203995038320095   45.579197801975084   100.00000073400935
32:   43.203995038320095   45.579197801975084   100.00000073400935
33:   43.203995038320095   45.579197801975084   100.00000073400935
34:   43.197678914974690   45.669981739717045   100.00000073400935
35:   43.196200224794560   45.200554489651620   100.00000073400935
36:   43.189741414874550   45.317396759202270   100.00000073400935
37:   43.189741414874550   45.317396759202270   100.00000073400935
38:   43.189741414874550   45.317396759202270   100.00000073400935
39:   43.187769417636570   46.576299018896290   100.00000073400935
40:   43.187769417636570   46.576299018896290   100.00000073400935
41:   43.187769417636570   46.576299018896290   100.00000073400935
42:   43.184695188450910   45.708056191924340   100.00000073400935
43:   43.178147337276350   45.439151979875590   100.00000073400935
44:   43.178147337276350   45.439151979875590   100.00000073400935
45:   43.176104120381660   47.161694902118960   100.00000073400935
46:   43.176104120381660   47.161694902118960   100.00000073400935
47:   43.176104120381660   47.161694902118960   100.00000073400935
48:   43.175776155322160   45.355160849622290   100.00000073400935
49:   43.171959393629095   45.746744890630360   100.00000073400935
50:   43.171959393629095   45.746744890630360   100.00000073400935
51:   43.169186311489284   46.593236755260090   100.00000073400935
52:   43.168932789782180   47.062016053076880   100.00000073400935
53:   43.168932789782180   47.062016053076880   100.00000073400935
54:   43.164314810480030   45.476359930276004   100.00000073400935
55:   43.164314810480030   45.476359930276004   100.00000073400935
56:   43.163631487361270   47.173255184399430   100.00000073400935
57:   43.163631487361270   47.173255184399430   100.00000073400935
58:   43.162012755225640   45.393502788347440   100.00000073400935
59:   43.162012755225640   45.393502788347440   100.00000073400935
60:   43.162012755225640   45.393502788347440   100.00000073400935
61:   43.156385042467720   47.073573174892270   100.00000073400935
62:   43.156385042467720   47.073573174892270   100.00000073400935
63:   43.156385042467720   47.073573174892270   100.00000073400935
64:   43.150688115220740   45.514147788791320   100.00000073400935
65:   43.150688115220740   45.514147788791320   100.00000073400935
66:   43.150688115220740   45.514147788791320   100.00000073400935
67:   43.150688115220740   45.514147788791320   100.00000073400935
68:   43.150688115220740   45.514147788791320   100.00000073400935
69:   43.150688115220740   45.514147788791320   100.00000073400935
70:   43.150688115220740   45.514147788791320   100.00000073400935
71:   43.150688115220740   45.514147788791320   100.00000073400935
72:   43.148468615393305   45.432437531221890   100.00000073400935
73:   43.148468615393305   45.432437531221890   100.00000073400935
74:   43.143437529415200   47.085516862021066   100.00000073400935
75:   43.143437529415200   47.085516862021066   100.00000073400935
76:   43.143437529415200   47.085516862021066   100.00000073400935
77:   43.137283249120390   45.552529174881170   100.00000073400935
78:   43.137283249120390   45.552529174881170   100.00000073400935
79:   43.137283249120390   45.552529174881170   100.00000073400935
80:   43.137283249120390   45.552529174881170   100.00000073400935
81:   43.137283249120390   45.552529174881170   100.00000073400935
82:   43.135161126025935   45.471979922056590   100.00000073400935
83:   43.135161126025935   45.471979922056590   100.00000073400935
84:   43.134710434417350   45.640050785154880   100.00000073400935
85:   43.130179987116580   46.408384317922845   100.00000073400935
86:   43.130087895610350   47.097851049654070   100.00000073400935
87:   43.124116165759354   45.591517571394360   100.00000073400935
88:   43.124116165759354   45.591517571394360   100.00000073400935
89:   43.124116165759354   45.591517571394360   100.00000073400935
90:   43.124116165759354   45.591517571394360   100.00000073400935
91:   43.124116165759354   45.591517571394360   100.00000073400935
92:   43.124116165759354   45.591517571394360   100.00000073400935
93:   43.124116165759354   45.591517571394360   100.00000073400935
94:   43.124116165759354   45.591517571394360   100.00000073400935
95:   43.124116165759354   45.591517571394360   100.00000073400935
96:   43.124116165759354   45.591517571394360   100.00000073400935
97:   43.124116165759354   45.591517571394360   100.00000073400935
98:   43.124116165759354   45.591517571394360   100.00000073400935
99:   43.122303259745486   46.997967933754430   100.00000073400935
